idxptrs:
0 1 3 6 8 11 12 

idxs:
3 4 5 2 3 5 3 4 0 1 3 1 

data:
1616 444 1643 410 	864 1241 1735 1413 	450 140 189 1892 	1924 508 1235 1849 	962 308 1145 425 	1933 470 1697 598 	1888 1474 650 125 	1405 862 697 960 	726 377 1280 587 	970 366 1440 1021 	1498 1973 896 450 	827 962 1842 832 	
1394 1055 318 709 	2014 1545 1348 1984 	1843 748 744 416 	873 1825 1734 1969 	1305 129 1958 1653 	202 1023 867 1020 	44 999 1568 1081 	502 1826 1324 792 	1461 1935 1666 730 	1896 647 91 679 	1810 1871 1805 1370 	1583 625 1937 2020 	
1375 141 307 1906 	1186 1299 656 1574 	1110 815 252 1798 	1973 160 857 1907 	1924 349 1876 1247 	1243 1714 1035 911 	332 225 2 428 	1936 1686 843 1777 	259 956 692 243 	860 1628 1895 2003 	846 1018 420 192 	694 1873 1337 1609 	
1984 124 1740 253 	1203 697 474 358 	1325 428 711 1152 	309 872 197 1498 	81 1697 487 919 	693 635 737 296 	1566 865 505 919 	616 28 1664 1701 	1245 1740 236 344 	383 394 487 1778 	538 372 1485 319 	204 1786 916 1340 	

0 0 0 0 0 0 0 0 0 0 0 0 1616 444 1643 410 0 0 0 0 0 0 0 0 
0 0 0 0 0 0 0 0 0 0 0 0 1394 1055 318 709 0 0 0 0 0 0 0 0 
0 0 0 0 0 0 0 0 0 0 0 0 1375 141 307 1906 0 0 0 0 0 0 0 0 
0 0 0 0 0 0 0 0 0 0 0 0 1984 124 1740 253 0 0 0 0 0 0 0 0 
0 0 0 0 0 0 0 0 0 0 0 0 0 0 0 0 864 1241 1735 1413 450 140 189 1892 
0 0 0 0 0 0 0 0 0 0 0 0 0 0 0 0 2014 1545 1348 1984 1843 748 744 416 
0 0 0 0 0 0 0 0 0 0 0 0 0 0 0 0 1186 1299 656 1574 1110 815 252 1798 
0 0 0 0 0 0 0 0 0 0 0 0 0 0 0 0 1203 697 474 358 1325 428 711 1152 
0 0 0 0 0 0 0 0 1924 508 1235 1849 962 308 1145 425 0 0 0 0 1933 470 1697 598 
0 0 0 0 0 0 0 0 873 1825 1734 1969 1305 129 1958 1653 0 0 0 0 202 1023 867 1020 
0 0 0 0 0 0 0 0 1973 160 857 1907 1924 349 1876 1247 0 0 0 0 1243 1714 1035 911 
0 0 0 0 0 0 0 0 309 872 197 1498 81 1697 487 919 0 0 0 0 693 635 737 296 
0 0 0 0 0 0 0 0 0 0 0 0 1888 1474 650 125 1405 862 697 960 0 0 0 0 
0 0 0 0 0 0 0 0 0 0 0 0 44 999 1568 1081 502 1826 1324 792 0 0 0 0 
0 0 0 0 0 0 0 0 0 0 0 0 332 225 2 428 1936 1686 843 1777 0 0 0 0 
0 0 0 0 0 0 0 0 0 0 0 0 1566 865 505 919 616 28 1664 1701 0 0 0 0 
726 377 1280 587 970 366 1440 1021 0 0 0 0 1498 1973 896 450 0 0 0 0 0 0 0 0 
1461 1935 1666 730 1896 647 91 679 0 0 0 0 1810 1871 1805 1370 0 0 0 0 0 0 0 0 
259 956 692 243 860 1628 1895 2003 0 0 0 0 846 1018 420 192 0 0 0 0 0 0 0 0 
1245 1740 236 344 383 394 487 1778 0 0 0 0 538 372 1485 319 0 0 0 0 0 0 0 0 
0 0 0 0 827 962 1842 832 0 0 0 0 0 0 0 0 0 0 0 0 0 0 0 0 
0 0 0 0 1583 625 1937 2020 0 0 0 0 0 0 0 0 0 0 0 0 0 0 0 0 
0 0 0 0 694 1873 1337 1609 0 0 0 0 0 0 0 0 0 0 0 0 0 0 0 0 
0 0 0 0 204 1786 916 1340 0 0 0 0 0 0 0 0 0 0 0 0 0 0 0 0 

idxptrs:
0 1 3 6 9 10 12 

idxs:
1 1 5 0 1 4 0 2 4 1 0 4 

data:
608 94 1946 500 	851 429 1144 1618 	1777 262 931 1708 	1126 1365 956 1278 	666 1397 1506 1657 	1291 1878 2024 462 	1098 1259 548 358 	1124 1128 1824 1425 	1296 719 280 267 	1472 237 883 472 	27 1738 505 1410 	1137 236 355 369 	
140 732 1538 1989 	123 1811 454 16 	1462 281 700 718 	984 998 417 538 	508 1105 564 1726 	664 118 1368 1625 	1282 1551 1003 1599 	1396 1073 1181 67 	4 857 1373 1568 	1746 51 203 388 	160 1953 1634 746 	1933 968 298 1750 	
1957 604 716 1021 	1969 982 565 304 	1737 1379 620 294 	210 103 1741 1936 	1191 1245 1297 1297 	721 1361 1809 711 	1946 1694 877 1222 	1183 1327 349 1252 	1028 1253 421 778 	84 1923 251 397 	40 1005 360 1451 	734 1180 743 1560 	
675 1840 227 1721 	1409 157 136 1457 	145 854 984 53 	59 52 168 500 	949 1877 1457 930 	1230 424 1867 1298 	1485 908 765 1368 	706 1495 390 1760 	232 1234 1540 305 	1783 1185 806 574 	556 1976 1194 2038 	1166 773 678 2017 	

0 0 0 0 0 0 0 0 1126 1365 956 1278 1098 1259 548 358 0 0 0 0 27 1738 505 1410 
0 0 0 0 0 0 0 0 984 998 417 538 1282 1551 1003 1599 0 0 0 0 160 1953 1634 746 
0 0 0 0 0 0 0 0 210 103 1741 1936 1946 1694 877 1222 0 0 0 0 40 1005 360 1451 
0 0 0 0 0 0 0 0 59 52 168 500 1485 908 765 1368 0 0 0 0 556 1976 1194 2038 
608 94 1946 500 851 429 1144 1618 666 1397 1506 1657 0 0 0 0 1472 237 883 472 0 0 0 0 
140 732 1538 1989 123 1811 454 16 508 1105 564 1726 0 0 0 0 1746 51 203 388 0 0 0 0 
1957 604 716 1021 1969 982 565 304 1191 1245 1297 1297 0 0 0 0 84 1923 251 397 0 0 0 0 
675 1840 227 1721 1409 157 136 1457 949 1877 1457 930 0 0 0 0 1783 1185 806 574 0 0 0 0 
0 0 0 0 0 0 0 0 0 0 0 0 1124 1128 1824 1425 0 0 0 0 0 0 0 0 
0 0 0 0 0 0 0 0 0 0 0 0 1396 1073 1181 67 0 0 0 0 0 0 0 0 
0 0 0 0 0 0 0 0 0 0 0 0 1183 1327 349 1252 0 0 0 0 0 0 0 0 
0 0 0 0 0 0 0 0 0 0 0 0 706 1495 390 1760 0 0 0 0 0 0 0 0 
0 0 0 0 0 0 0 0 0 0 0 0 0 0 0 0 0 0 0 0 0 0 0 0 
0 0 0 0 0 0 0 0 0 0 0 0 0 0 0 0 0 0 0 0 0 0 0 0 
0 0 0 0 0 0 0 0 0 0 0 0 0 0 0 0 0 0 0 0 0 0 0 0 
0 0 0 0 0 0 0 0 0 0 0 0 0 0 0 0 0 0 0 0 0 0 0 0 
0 0 0 0 0 0 0 0 1291 1878 2024 462 1296 719 280 267 0 0 0 0 1137 236 355 369 
0 0 0 0 0 0 0 0 664 118 1368 1625 4 857 1373 1568 0 0 0 0 1933 968 298 1750 
0 0 0 0 0 0 0 0 721 1361 1809 711 1028 1253 421 778 0 0 0 0 734 1180 743 1560 
0 0 0 0 0 0 0 0 1230 424 1867 1298 232 1234 1540 305 0 0 0 0 1166 773 678 2017 
0 0 0 0 1777 262 931 1708 0 0 0 0 0 0 0 0 0 0 0 0 0 0 0 0 
0 0 0 0 1462 281 700 718 0 0 0 0 0 0 0 0 0 0 0 0 0 0 0 0 
0 0 0 0 1737 1379 620 294 0 0 0 0 0 0 0 0 0 0 0 0 0 0 0 0 
0 0 0 0 145 854 984 53 0 0 0 0 0 0 0 0 0 0 0 0 0 0 0 0 

Multiplied 5,0
Multiplied 4,1
Multiplied 2,3
Multiplied 1,2
Multiplied 5,4
Multiplied 2,1
Multiplied 4,0
Multiplied 4,4
Multiplied 4,3
Multiplied 1,3
Multiplied 3,5
Multiplied 5,2
Multiplied 4,5
Multiplied 3,2
Multiplied 5,1
Multiplied 3,3
Multiplied 1,5
Multiplied 4,2
adding 450*1777 to 0
adding 140*1462 to 799650
adding 189*1737 to 1004330
adding 1892*145 to 1332623
Multiplied 1,1
0 0 0 0 0 0 0 0 0 0 0 0 0 0 0 0 0 0 0 0 0 0 0 0 
0 0 0 0 0 0 0 0 0 0 0 0 0 0 0 0 0 0 0 0 0 0 0 0 
0 0 0 0 0 0 0 0 0 0 0 0 0 0 0 0 0 0 0 0 0 0 0 0 
0 0 0 0 0 0 0 0 0 0 0 0 0 0 0 0 0 0 0 0 0 0 0 0 
0 0 0 0 1606963 2033639 2495858 1024962 4928373 4729477 9223110 5483452 3236104 5602350 4852268 3957371 0 0 0 0 6302269 4544741 2923657 8047187 
0 0 0 0 5721235 2074294 3110057 3925692 7038182 6640446 12332556 6974753 4462356 6909431 6308073 4614162 0 0 0 0 8579179 5095136 3522096 9551524 
0 0 0 0 3862434 2402835 3529382 2650432 4802658 3940782 8302858 5168275 2581788 4730261 4815743 3343932 0 0 0 0 6176237 3528110 2362712 6909002 
0 0 0 0 4382308 2431695 3107563 2840494 2797975 3138386 4914220 2490109 2132204 2497980 2044695 1892059 0 0 0 0 3480456 1794658 1229677 3125183 
0 0 0 0 7156480 3489371 3769195 4169636 0 0 0 0 5638143 7118456 5261449 7576196 0 0 0 0 0 0 0 0 
0 0 0 0 3508459 2407060 2445382 1388488 0 0 0 0 6970388 8187642 5120753 7002708 0 0 0 0 0 0 0 0 
0 0 0 0 6644569 3012559 3895157 3706269 0 0 0 0 4801185 6385428 4830535 7251529 0 0 0 0 0 0 0 0 
0 0 0 0 3482920 1629108 1837887 1871940 0 0 0 0 2855267 3785137 2246421 3381873 0 0 0 0 0 0 0 0 
0 0 0 0 0 0 0 0 4069560 4095963 7076129 3791507 2763564 3806910 3348763 2561817 0 0 0 0 4894689 2730536 1924402 5050585 
0 0 0 0 0 0 0 0 3789310 3295996 7387796 5168554 2202712 4562120 4424742 4268834 0 0 0 0 5995720 4060576 2243066 7043642 
0 0 0 0 0 0 0 0 6412393 5735527 11067558 6540101 3794668 6085983 5948441 4358399 0 0 0 0 8151014 4457305 3020863 8564173 
0 0 0 0 0 0 0 0 4105822 4146080 7471031 3721094 2903672 4650926 3531008 2021773 0 0 0 0 3959258 3450873 2616654 6303061 
4148255 3107492 3713335 4440355 5144437 2653333 2228300 3500673 5007794 6998337 8200882 8958450 4643037 4200077 2347594 3229907 4008279 4227561 2115174 1757582 457494 4444381 2144326 4358488 
1879760 1956152 4903991 3496353 2828967 2181066 2606521 4095047 6286220 8886378 9554371 11506455 8410934 8325628 4760965 6651595 5138875 1461957 2375624 1571821 821567 9435083 5370975 7408626 
5811340 6102636 5988925 9050050 7485586 5492609 3066035 4911979 6949571 10510801 9481390 10862095 3217461 3201729 1893579 2799414 7838937 6304488 3179927 2939621 322741 3492838 2232161 2577692 
2441233 3890078 2103588 4532331 3838500 1635221 1133991 3364592 5906455 8392183 6405667 6755980 4567786 4978331 2897612 3986954 4462782 3154296 1973476 1547559 512719 6478954 3967581 4096998 
4803890 3425370 4596634 5639472 5621289 4036433 2536718 3125670 4022868 6073283 5389328 6193585 0 0 0 0 4535180 4773147 2058461 1972442 0 0 0 0 
6204173 5493050 5887200 7488722 8084141 4030256 3463827 6103282 5595725 9105181 8191927 8092670 0 0 0 0 7185794 6525597 3638971 2918145 0 0 0 0 
4386756 5204380 5553733 8206563 5720607 5255276 2618507 3903621 4532996 7723841 6179938 7613215 0 0 0 0 7272981 4737717 2625462 2508647 0 0 0 0 
3071184 4345392 4103888 6895730 4084946 4431854 1744000 2589492 3405768 5914118 4454960 5854916 0 0 0 0 5884808 3488802 1852646 1922068 0 0 0 0 
0 0 0 0 0 0 
0 1 1 1 0 1 
0 1 0 1 0 0 
0 0 1 1 0 1 
1 1 1 1 1 1 
1 1 1 0 1 0 
idxptrs:
0 0 4 6 9 15 19 

idxs:
1 2 3 5 1 3 2 3 5 0 1 2 3 4 5 0 1 2 4 

data:
1606963 2033639 2495858 1024962 	4928373 4729477 9223110 5483452 	3236104 5602350 4852268 3957371 	6302269 4544741 2923657 8047187 	7156480 3489371 3769195 4169636 	5638143 7118456 5261449 7576196 	4069560 4095963 7076129 3791507 	2763564 3806910 3348763 2561817 	4894689 2730536 1924402 5050585 	4148255 3107492 3713335 4440355 	5144437 2653333 2228300 3500673 	5007794 6998337 8200882 8958450 	4643037 4200077 2347594 3229907 	4008279 4227561 2115174 1757582 	457494 4444381 2144326 4358488 	4803890 3425370 4596634 5639472 	5621289 4036433 2536718 3125670 	4022868 6073283 5389328 6193585 	4535180 4773147 2058461 1972442 	
5721235 2074294 3110057 3925692 	7038182 6640446 12332556 6974753 	4462356 6909431 6308073 4614162 	8579179 5095136 3522096 9551524 	3508459 2407060 2445382 1388488 	6970388 8187642 5120753 7002708 	3789310 3295996 7387796 5168554 	2202712 4562120 4424742 4268834 	5995720 4060576 2243066 7043642 	1879760 1956152 4903991 3496353 	2828967 2181066 2606521 4095047 	6286220 8886378 9554371 11506455 	8410934 8325628 4760965 6651595 	5138875 1461957 2375624 1571821 	821567 9435083 5370975 7408626 	6204173 5493050 5887200 7488722 	8084141 4030256 3463827 6103282 	5595725 9105181 8191927 8092670 	7185794 6525597 3638971 2918145 	
3862434 2402835 3529382 2650432 	4802658 3940782 8302858 5168275 	2581788 4730261 4815743 3343932 	6176237 3528110 2362712 6909002 	6644569 3012559 3895157 3706269 	4801185 6385428 4830535 7251529 	6412393 5735527 11067558 6540101 	3794668 6085983 5948441 4358399 	8151014 4457305 3020863 8564173 	5811340 6102636 5988925 9050050 	7485586 5492609 3066035 4911979 	6949571 10510801 9481390 10862095 	3217461 3201729 1893579 2799414 	7838937 6304488 3179927 2939621 	322741 3492838 2232161 2577692 	4386756 5204380 5553733 8206563 	5720607 5255276 2618507 3903621 	4532996 7723841 6179938 7613215 	7272981 4737717 2625462 2508647 	
4382308 2431695 3107563 2840494 	2797975 3138386 4914220 2490109 	2132204 2497980 2044695 1892059 	3480456 1794658 1229677 3125183 	3482920 1629108 1837887 1871940 	2855267 3785137 2246421 3381873 	4105822 4146080 7471031 3721094 	2903672 4650926 3531008 2021773 	3959258 3450873 2616654 6303061 	2441233 3890078 2103588 4532331 	3838500 1635221 1133991 3364592 	5906455 8392183 6405667 6755980 	4567786 4978331 2897612 3986954 	4462782 3154296 1973476 1547559 	512719 6478954 3967581 4096998 	3071184 4345392 4103888 6895730 	4084946 4431854 1744000 2589492 	3405768 5914118 4454960 5854916 	5884808 3488802 1852646 1922068 	

0 0 0 0 0 0 0 0 0 0 0 0 0 0 0 0 0 0 0 0 0 0 0 0 
0 0 0 0 0 0 0 0 0 0 0 0 0 0 0 0 0 0 0 0 0 0 0 0 
0 0 0 0 0 0 0 0 0 0 0 0 0 0 0 0 0 0 0 0 0 0 0 0 
0 0 0 0 0 0 0 0 0 0 0 0 0 0 0 0 0 0 0 0 0 0 0 0 
0 0 0 0 1606963 2033639 2495858 1024962 4928373 4729477 9223110 5483452 3236104 5602350 4852268 3957371 0 0 0 0 6302269 4544741 2923657 8047187 
0 0 0 0 5721235 2074294 3110057 3925692 7038182 6640446 12332556 6974753 4462356 6909431 6308073 4614162 0 0 0 0 8579179 5095136 3522096 9551524 
0 0 0 0 3862434 2402835 3529382 2650432 4802658 3940782 8302858 5168275 2581788 4730261 4815743 3343932 0 0 0 0 6176237 3528110 2362712 6909002 
0 0 0 0 4382308 2431695 3107563 2840494 2797975 3138386 4914220 2490109 2132204 2497980 2044695 1892059 0 0 0 0 3480456 1794658 1229677 3125183 
0 0 0 0 7156480 3489371 3769195 4169636 0 0 0 0 5638143 7118456 5261449 7576196 0 0 0 0 0 0 0 0 
0 0 0 0 3508459 2407060 2445382 1388488 0 0 0 0 6970388 8187642 5120753 7002708 0 0 0 0 0 0 0 0 
0 0 0 0 6644569 3012559 3895157 3706269 0 0 0 0 4801185 6385428 4830535 7251529 0 0 0 0 0 0 0 0 
0 0 0 0 3482920 1629108 1837887 1871940 0 0 0 0 2855267 3785137 2246421 3381873 0 0 0 0 0 0 0 0 
0 0 0 0 0 0 0 0 4069560 4095963 7076129 3791507 2763564 3806910 3348763 2561817 0 0 0 0 4894689 2730536 1924402 5050585 
0 0 0 0 0 0 0 0 3789310 3295996 7387796 5168554 2202712 4562120 4424742 4268834 0 0 0 0 5995720 4060576 2243066 7043642 
0 0 0 0 0 0 0 0 6412393 5735527 11067558 6540101 3794668 6085983 5948441 4358399 0 0 0 0 8151014 4457305 3020863 8564173 
0 0 0 0 0 0 0 0 4105822 4146080 7471031 3721094 2903672 4650926 3531008 2021773 0 0 0 0 3959258 3450873 2616654 6303061 
4148255 3107492 3713335 4440355 5144437 2653333 2228300 3500673 5007794 6998337 8200882 8958450 4643037 4200077 2347594 3229907 4008279 4227561 2115174 1757582 457494 4444381 2144326 4358488 
1879760 1956152 4903991 3496353 2828967 2181066 2606521 4095047 6286220 8886378 9554371 11506455 8410934 8325628 4760965 6651595 5138875 1461957 2375624 1571821 821567 9435083 5370975 7408626 
5811340 6102636 5988925 9050050 7485586 5492609 3066035 4911979 6949571 10510801 9481390 10862095 3217461 3201729 1893579 2799414 7838937 6304488 3179927 2939621 322741 3492838 2232161 2577692 
2441233 3890078 2103588 4532331 3838500 1635221 1133991 3364592 5906455 8392183 6405667 6755980 4567786 4978331 2897612 3986954 4462782 3154296 1973476 1547559 512719 6478954 3967581 4096998 
4803890 3425370 4596634 5639472 5621289 4036433 2536718 3125670 4022868 6073283 5389328 6193585 0 0 0 0 4535180 4773147 2058461 1972442 0 0 0 0 
6204173 5493050 5887200 7488722 8084141 4030256 3463827 6103282 5595725 9105181 8191927 8092670 0 0 0 0 7185794 6525597 3638971 2918145 0 0 0 0 
4386756 5204380 5553733 8206563 5720607 5255276 2618507 3903621 4532996 7723841 6179938 7613215 0 0 0 0 7272981 4737717 2625462 2508647 0 0 0 0 
3071184 4345392 4103888 6895730 4084946 4431854 1744000 2589492 3405768 5914118 4454960 5854916 0 0 0 0 5884808 3488802 1852646 1922068 0 0 0 0 

